Webots Project File version R2022b
perspectives: 000000ff00000000fd0000000200000001000002920000030bfc0200000001fb0000001400540065007800740045006400690074006f007201000000160000030b0000008900ffffff0000000300000736000000bffc0100000001fb0000001a0043006f006e0073006f006c00650041006c006c0041006c006c0100000000000007360000006900ffffff000004a20000030b00000001000000020000000100000008fc00000000
simulationViewPerspectives: 000000ff0000000100000002000001180000037b0100000002010000000100
sceneTreePerspectives: 000000ff00000001000000030000001c000002cf000000fa0100000002010000000200
maximizedDockId: -1
centralWidgetVisible: 1
orthographicViewHeight: 1
textFiles: 0 "controllers/MoveJoints/MoveJoints.cpp"
consoles: Console:All:All
renderingDevicePerspectives: robot:camera;1;2.69647;0.711436;0
